gene	padj	log2FoldChange	pvalue
ENSG00000039068.19_8	3.06130674045577e-167	5.35191501939892	1.93900857642245e-171
ENSG00000099994.11_5	2.89932669964024e-80	4.73942961072372	5.50923492457607e-84
ENSG00000163993.7_5	2.69233005602538e-39	4.3470470618503	3.24007290755525e-42
ENSG00000062038.14_6	1.25245871897716e-54	3.88927976121822	5.55308527542444e-58
ENSG00000181143.15_7	2.29438422727012e-51	3.5874501358257	1.3079210821783e-54
ENSG00000261150.3_5	2.87598862275302e-47	3.40952310402061	2.0037924278112e-50
ENSG00000136155.17_5	9.98245885694043e-20	3.40262856770563	3.98337286538667e-22
ENSG00000203697.12_8	1.50897878335986e-24	3.17632588382894	4.10983580469179e-27
ENSG00000196542.8_4	7.62466919670179e-06	2.94584370006902	2.19255118780251e-07
ENSG00000163347.6_6	1.35385771522491e-39	2.83628436990783	1.54354185926326e-42
ENSG00000185499.16_8	2.13991075696752e-92	2.81333237302748	2.71080663411137e-96
ENSG00000137699.17_7	1.26960804201024e-27	2.76357668916644	2.97539254841517e-30
ENSG00000214049.8_8	1.16823644716541e-57	2.75703165547517	4.43971287242997e-61
ENSG00000073350.14_6	3.84750939515227e-54	2.7463138844479	1.94958672163784e-57
ENSG00000147676.14_5	1.96834786796218e-60	2.67896255268678	6.23368339233017e-64
ENSG00000083307.12_8	1.6238145445616e-19	2.6498041615231	6.68532717231466e-22
ENSG00000163083.6_5	5.75705587908576e-65	2.64162634422069	1.4585902911289e-68
ENSG00000167703.15_6	2.62604429182013e-40	2.61419027819147	2.82763826709793e-43
ENSG00000166145.14_5	5.67404620280483e-45	2.46943053132842	4.67206743326975e-48
ENSG00000177494.6_6	1.95228206169345e-10	2.42538457770075	2.36183097151919e-12
ENSG00000142347.19_10	2.94631579629289e-23	2.38821219874593	8.58440123064815e-26
ENSG00000026751.17_6	3.24679734202597e-49	2.38062582709906	2.05649692299592e-52
ENSG00000131242.18_7	3.18118584706857e-10	2.35323146608952	3.96943002199460e-12
ENSG00000149418.11_5	9.71642976111222e-30	2.34887266826028	1.96938024040785e-32
ENSG00000168874.13_5	6.49417319691638e-14	2.31249715445108	4.8126315178567e-16
ENSG00000064787.13_7	8.22974065967647e-12	2.26598428012023	7.81898339847651e-14
ENSG00000106537.8_5	3.81156682878055e-36	2.21884057132056	5.06985706893789e-39
ENSG00000160255.18_10	4.82970255503457e-27	2.17477594860303	1.16245691089e-29
ENSG00000064205.10_5	4.88975231855272e-09	2.16785003028454	7.24728934976777e-11
ENSG00000100767.17_7	3.93167934441087e-19	2.1644594574021	1.69340128844654e-21
ENSG00000163362.11_11	4.32025461859840e-12	2.1614168876646	3.91307581998715e-14
ENSG00000128422.17_10	1.01843073878209e-10	2.15002266792904	1.14821808654176e-12
ENSG00000115738.10_6	2.1670349369444e-10	2.14403039324032	2.66281212165703e-12
ENSG00000141510.18_9	1.16256807791794e-33	-2.12516681956474	1.76726842348812e-36
ENSG00000165272.16_9	7.85357313549583e-22	2.12214980006216	2.63642878250113e-24
ENSG00000167191.12_7	4.49850258939109e-29	2.09748978209934	9.68767975926635e-32
ENSG00000204175.5_2	1.098494909916e-12	2.0858999087979	9.25385248409093e-15
ENSG00000182795.13_6	5.99346007287231e-17	2.08148672509156	3.11289413463092e-19
ENSG00000095303.17_9	5.18062065968871e-16	2.07617413576413	2.85478843040865e-18
ENSG00000117472.10_5	9.63069753889192e-34	2.07181440806514	1.4030025550704e-36
ENSG00000099812.9_7	3.78634028091085e-43	2.06126801002617	3.59735902037387e-46
ENSG00000184916.9_7	8.60933202394626e-17	2.06017362034717	4.58059215867422e-19
ENSG00000163283.7_6	4.66519010657019e-23	2.05504111055721	1.44789913365809e-25
ENSG00000117595.12_9	3.54510778025229e-08	2.04927591062707	5.9953368211766e-10
ENSG00000139329.5_6	8.02616146727527e-12	2.04838520660642	7.52389091181112e-14
ENSG00000122176.12_7	1.74952176512594e-11	2.03818048694387	1.7689208232638e-13
ENSG00000073756.12_6	1.77052871099761e-23	1.94738612407081	5.04647783094074e-26
ENSG00000163435.16_8	8.65456753214983e-17	1.94009029610277	4.65947707266744e-19
ENSG00000169213.7_6	1.50058897925085e-11	1.93761130797953	1.50172953332679e-13
ENSG00000106541.12_6	2.05216115660108e-30	1.93007978168123	3.8994701480892e-33
ENSG00000125730.17_8	3.24391549602541e-17	1.9287413601037	1.6231905509628e-19
ENSG00000179913.11_6	4.17816210256367e-15	1.92475915739595	2.64641633048117e-17
ENSG00000115221.12_8	6.79602034232462e-08	1.91559557463107	1.23970981668957e-09
ENSG00000139044.12_7	5.32638512087679e-17	1.89305089493055	2.69895369692262e-19
ENSG00000205744.10_7	5.6684448028675e-07	1.8883521699866	1.25662254940691e-08
ENSG00000149573.9_6	2.55091319289086e-10	1.8755191351937	3.16682914749563e-12
ENSG00000170412.18_10	1.25961863167072e-28	1.87331664925272	2.79241525896092e-31
ENSG00000169583.13_6	6.51540163835393e-18	1.87178578767714	3.06056147266489e-20
ENSG00000180921.7_6	1.28358562359401e-20	1.86331124466712	4.95938200147165e-23
ENSG00000124839.13_6	1.33908366931893e-07	1.85669058792489	2.55398526331652e-09
ENSG00000176920.13_7	2.7897315197208e-11	1.85376868638428	2.91554155532006e-13
ENSG00000065361.16_6	6.06094677005003e-27	1.84571673176071	1.49719359027078e-29
ENSG00000125657.5_5	4.19409720487152e-13	1.84470203303856	3.26750668988597e-15
ENSG00000041982.16_7	1.98276249415855e-36	-1.84211450099554	2.51173358773569e-39
ENSG00000156453.13_10	4.19668518990299e-33	1.83365127806652	6.64537178537971e-36
ENSG00000006747.15_6	3.22750940066204e-07	1.82420459649574	6.7052386839191e-09
ENSG00000240583.13_7	8.32913849707169e-22	1.81679697484481	2.84883125691583e-24
ENSG00000172794.20_7	3.17161726371778e-09	1.805230712011	4.56015403384809e-11
ENSG00000111319.13_9	5.88560718747074e-33	1.7884511717376	9.69253780556367e-36
ENSG00000100311.17_8	4.30267641304319e-08	1.78576377142639	7.44002192019755e-10
ENSG00000166920.12_5	6.12691597215483e-14	1.78394808984843	4.50166108924474e-16
ENSG00000166387.13_11	1.44157069568687e-11	1.7534820424731	1.43353559173321e-13
ENSG00000117983.17_7	3.63321632794524e-06	1.74419483742187	9.52718241556453e-08
ENSG00000215182.6	3.9748132233254e-08	1.73706510240028	6.82274121814786e-10
ENSG00000070182.21_9	3.58898637378804e-07	1.73127594188023	7.50168167817363e-09
ENSG00000184012.12_10	6.494883004521e-08	1.72736178823297	1.18066342937517e-09
ENSG00000227039.6_8	2.24980034739271e-07	1.71265703164714	4.53152084159413e-09
ENSG00000125731.13_7	1.49734761098243e-17	1.71134052613492	7.30274677258974e-20
ENSG00000116701.15_5	1.20478789305756e-25	1.70631432337028	3.06996424017481e-28
ENSG00000161798.7_5	5.52159291696671e-06	1.69847331890496	1.53533018149758e-07
ENSG00000103067.14_10	1.84696614850696e-15	1.6848166059258	1.1347587813857e-17
ENSG00000013588.9_8	2.81347080253721e-43	1.68316874744975	2.49484363032182e-46
ENSG00000129353.15_7	5.04551708078254e-47	1.67125406756004	3.83495091014635e-50
ENSG00000103534.17_8	6.42299337866913e-17	1.66026569374528	3.37666867513008e-19
ENSG00000255346.10_7	3.24345995714975e-12	1.65780788718052	2.89668009854393e-14
ENSG00000131746.13_8	3.32910023736351e-30	1.65399087716022	6.53674356208949e-33
ENSG00000130545.16_6	1.32356269544101e-05	1.64785004364941	4.05753955278342e-07
ENSG00000102996.5_5	1.3684434782048e-11	1.64137693547439	1.34348073930671e-13
ENSG00000178150.10_6	4.71828735418049e-19	1.6315238955047	2.06208403495347e-21
ENSG00000268621.6_9	1.99171028051377e-05	1.62711047660305	6.39597866873878e-07
ENSG00000069812.11_6	1.31410715832025e-10	1.62599007128104	1.52319236111354e-12
ENSG00000102934.10_6	4.39199271751635e-11	1.62201319825273	4.81260919768387e-13
ENSG00000089127.14_8	2.36730521891808e-08	1.60723100967617	3.89852645628769e-10
ENSG00000184371.14_8	4.09206081384125e-43	1.60369662242498	4.14700867883583e-46
ENSG00000099998.18_8	4.75669774740803e-24	1.59666970560438	1.32565683358217e-26
ENSG00000162591.16_6	9.05611379406562e-16	1.58494721600822	5.10510595181049e-18
ENSG00000143375.15_8	6.50678936256006e-09	1.58429393796042	9.89124301377258e-11
ENSG00000188483.8_5	4.88058248135272e-07	1.57319221859277	1.05723284052612e-08
ENSG00000108821.14_6	1.01882563656241e-11	1.57091582680612	9.74427863699798e-14
ENSG00000069702.11_8	1.51852530899279e-32	1.56531283686588	2.59692065763905e-35
ENSG00000001617.12_7	2.48240439434269e-10	1.56316874405943	3.06605559220183e-12
ENSG00000023445.16_6	2.32562381617536e-34	1.56131331470868	3.24067164655801e-37
ENSG00000110492.15_7	6.80822662257963e-18	1.55241170719735	3.27733229868287e-20
ENSG00000184363.10_6	8.26854539449207e-19	1.54355934273344	3.77080864202831e-21
ENSG00000041353.10_7	3.19615618372485e-21	1.54107394496484	1.15392008153228e-23
ENSG00000172260.15_7	2.76663856424712e-11	-1.52909422050625	2.87388348452323e-13
ENSG00000163624.6_5	6.52125148372314e-13	1.52822463006742	5.245749546699e-15
ENSG00000144476.6_6	5.83936031621488e-06	1.52773041849491	1.6421813911828e-07
ENSG00000204839.9_9	4.41157000078999e-08	1.52636994066166	7.65625905888307e-10
ENSG00000286966.1_1	3.95433495684723e-05	1.52505710798635	1.38256454027088e-06
ENSG00000163817.16_7	3.34593289604571e-05	1.52450619857457	1.14017728532594e-06
ENSG00000135925.9_7	5.83420509808817e-05	1.52247046980415	2.18764214471003e-06
ENSG00000104413.18_8	0.000105939786851955	1.52083192531189	4.28778336701287e-06
ENSG00000176845.13_7	3.65200053187479e-06	1.52039807806978	9.59957069120876e-08
ENSG00000108551.5_6	1.68419072446824e-09	1.51882300999122	2.30418796861629e-11
ENSG00000161249.21_9	1.05880486273123e-05	1.51782068212763	3.1855352786758e-07
ENSG00000019186.10_6	2.32955553454985e-08	-1.51419702638071	3.82160427823923e-10
ENSG00000130762.15_7	1.37816166983085e-05	1.50964772428713	4.25983591890966e-07
ENSG00000164647.9_7	1.04719684158076e-10	-1.50875069325192	1.20054869727716e-12
ENSG00000168140.5_5	2.05787670352858e-09	1.50808302750342	2.90667915433794e-11
ENSG00000091490.11_8	1.86980081984326e-06	1.50409307633339	4.61883911666375e-08
ENSG00000182580.3_5	1.85599977678752e-06	1.47547553334721	4.57299159596115e-08
ENSG00000169851.15_6	4.79634002675152e-19	1.47538595682688	2.12657589227645e-21
ENSG00000134321.12_5	1.42710019964088e-11	1.4540153394131	1.4101066071952e-13
ENSG00000134569.10_7	6.68645663534115e-07	-1.45053009032741	1.50771380933712e-08
ENSG00000184292.7_5	1.20478789305756e-25	1.44750265524144	3.12872457659995e-28
ENSG00000158769.18_7	2.14305901060956e-18	1.44725994214124	9.90900099914478e-21
ENSG00000173391.9_7	0.000192684724147399	1.42943803522385	8.31296595017587e-06
ENSG00000117318.9_6	3.17765628877321e-11	1.42902806814757	3.40146891818262e-13
ENSG00000111859.17_8	2.08538635156713e-21	1.42863180266999	7.3968606338839e-24
ENSG00000105855.10_5	3.83649366256246e-11	-1.42822797603434	4.15531046553193e-13
ENSG00000171223.6_5	1.80011149227304e-09	1.42269517700317	2.48558592168433e-11
ENSG00000185275.6_6	9.14090564371816e-06	1.41703736839038	2.69803776917448e-07
ENSG00000119888.11_5	3.04722497411054e-23	1.41570410242567	9.07141967210509e-26
ENSG00000164442.10_7	1.31312639518868e-22	1.40962908409924	4.24179415724744e-25
ENSG00000206538.9_7	4.84316840262061e-08	1.40911548839078	8.52800111431802e-10
ENSG00000171992.13_5	2.02392170063653e-10	1.40111030176611	2.47413787828003e-12
ENSG00000137440.5_6	0.000278577677783013	1.3970198329066	1.27211200688257e-05
ENSG00000117984.14_8	4.75618311417041e-32	1.3950008551733	8.43508533042637e-35
ENSG00000130513.6_6	2.06123663989864e-06	1.39139596504044	5.13089688041655e-08
ENSG00000139132.14_10	1.40236201679251e-09	1.38807676546553	1.90084539899668e-11
ENSG00000138696.11_8	4.87644368692947e-07	1.38586141510256	1.0532475913624e-08
ENSG00000137460.8_4	3.67635716570477e-08	1.3812678638122	6.24058601728451e-10
ENSG00000166592.12_9	4.19046091467011e-07	1.38043788272765	8.89159112246317e-09
ENSG00000153093.19_5	1.4225077740461e-05	1.37924111074193	4.40591779521498e-07
ENSG00000137834.15_8	0.000207675693098694	1.37132379319004	9.01050479937962e-06
ENSG00000167861.16_6	3.39310798273179e-10	1.36807152228011	4.25535457677283e-12
ENSG00000164761.9_6	2.0134252571624e-09	1.36690906688234	2.80563438418881e-11
ENSG00000112769.20_9	1.47502631525087e-09	-1.36411150859583	2.00868164288661e-11
ENSG00000113369.9_6	3.45260705648758e-21	1.36312663705325	1.26837604051355e-23
ENSG00000154217.15_7	3.87398257304187e-06	-1.36215234265147	1.02321429754146e-07
ENSG00000075618.18_5	9.75577392363036e-14	1.36069758259788	7.29149558518104e-16
ENSG00000162383.13_8	0.000113457970357664	1.35612655952369	4.62081802254736e-06
ENSG00000100234.12_4	1.67690662603071e-25	1.3531256692479	4.4609879841202e-28
ENSG00000120129.6_6	1.69137106902493e-14	1.34843134209809	1.14629278176886e-16
ENSG00000116285.13_6	2.11334778710583e-29	1.34349411179849	4.41730915723919e-32
ENSG00000185567.7_6	5.05885031534347e-32	1.3357600084098	9.29228902615661e-35
ENSG00000198756.12_7	2.55730846325438e-19	1.33414775605272	1.08525251480899e-21
ENSG00000119986.7_6	6.15872456538226e-10	1.32952366058238	7.99682376427264e-12
ENSG00000127324.9_6	1.86022856222984e-10	1.32621381127272	2.22690143312288e-12
ENSG00000116661.11_8	7.94916854347541e-05	1.32557471427898	3.07635038007567e-06
ENSG00000130707.18_5	2.89369475625408e-07	1.32185731932114	5.97507278020541e-09
ENSG00000120306.11_7	2.82299032767981e-07	1.31659061007586	5.79331686197276e-09
ENSG00000183873.18_8	1.05743007785773e-12	-1.31379737555841	8.84094060534711e-15
ENSG00000161921.16_8	9.78289509987694e-05	1.31116153683752	3.90993590576536e-06
ENSG00000128917.8_6	0.000738136272821473	1.30954223400987	3.88517382008262e-05
ENSG00000162496.9_7	0.000101046627691387	1.3074084131557	4.07053808029655e-06
ENSG00000081052.13_6	4.36114322917527e-06	1.30626246659838	1.16845932729994e-07
ENSG00000004468.13_7	0.000732633358031552	1.30534398596441	3.84228794305881e-05
ENSG00000156103.16_7	1.80646613303934e-09	-1.2992452177669	2.50580240141637e-11
ENSG00000105699.16_7	1.8586532542993e-14	1.29857345902988	1.27143749344011e-16
ENSG00000141540.11_5	1.26661043245386e-05	1.29850438605046	3.85887774265458e-07
ENSG00000196352.16_9	7.40254765975531e-22	1.29745493057307	2.43813325504989e-24
ENSG00000128965.13_7	4.24349926250277e-05	1.29125617617281	1.49979262001302e-06
ENSG00000006459.11_6	4.67492755513625e-11	1.28774079844782	5.15225104252411e-13
ENSG00000106538.10_6	2.56341380620568e-09	1.28684977803408	3.636969170193e-11
ENSG00000152939.17_9	6.0949623920276e-09	1.28681684599964	9.18799752535197e-11
ENSG00000107738.20_8	2.57307179467352e-07	1.27971194272454	5.26413852089909e-09
ENSG00000134709.12_6	0.000249120365720241	1.26691972145475	1.10927044021617e-05
ENSG00000111816.8_6	1.63800580937158e-05	1.26294459613642	5.14600254274323e-07
ENSG00000148344.11_6	2.01123544798363e-14	1.26204443860349	1.42676950959061e-16
ENSG00000148735.15_6	0.00029070720673128	1.26179113240789	1.33495518672522e-05
ENSG00000173706.14_8	7.33291454118772e-28	1.2571123557341	1.67206057437774e-30
ENSG00000184828.10_8	0.000202187194838361	1.25660919633434	8.74676045570059e-06
ENSG00000105523.3_6	0.00138074755066847	1.25649947369819	7.99192853404904e-05
ENSG00000135525.18_6	0.000587626952853039	1.25645900004906	2.9440899398705e-05
ENSG00000074527.13_6	1.07045790060604e-21	1.25483574157199	3.7291097373532e-24
ENSG00000258096.1_6	0.000177899844589005	1.2504837214601	7.62846432649837e-06
ENSG00000123843.13_7	6.89376901534635e-13	1.24945900248959	5.60360908917679e-15
ENSG00000143631.11_5	8.91697484210771e-21	1.2426032922426	3.38876672489526e-23
ENSG00000004948.16_8	0.000946235205209175	1.24119679343098	5.20225587865191e-05
ENSG00000006210.7_6	9.88108266544989e-05	1.24083613803714	3.96169579885342e-06
ENSG00000116761.12_5	1.33908366931893e-07	1.23646530656615	2.56145976776233e-09
ENSG00000203499.11_9	0.00163680441244022	1.23515494695222	9.73434954422834e-05
ENSG00000182261.4_7	0.00017961660939684	1.23350272289115	7.71345713016579e-06
ENSG00000126878.13_5	0.000823280619397934	1.23350053254635	4.40633470605051e-05
ENSG00000172201.12_6	0.00114011696295826	1.23102195992305	6.45594479911757e-05
ENSG00000250591.3_4	0.000273885259248595	-1.22920209565906	1.24556382151312e-05
ENSG00000185924.7_7	0.00163377479136079	1.22455129983965	9.69626918865631e-05
ENSG00000129757.14_7	0.000121620110763786	1.21993858237801	5.00716189488604e-06
ENSG00000120337.8_5	0.00183210759860083	1.2177458831315	0.000110938362317101
ENSG00000188707.6_6	3.43369740841401e-15	1.21671093203878	2.13138045366464e-17
ENSG00000189143.9_5	8.47742683120891e-21	1.21581363280476	3.16802750849586e-23
ENSG00000235563.1_6	0.00188750936465638	1.21504629975264	0.000114651727939287
ENSG00000164692.18_5	9.78469667544573e-13	1.21428430924042	8.1187944292082e-15
ENSG00000104081.14_7	4.11571900011269e-06	1.21390503761045	1.09488344315134e-07
ENSG00000147614.4_6	0.00109563949563864	1.20794847457664	6.14163259209653e-05
ENSG00000204287.14_5	1.16504059174825e-15	-1.20632351642776	6.71514402388464e-18
ENSG00000249306.6_9	0.000727047992896339	-1.20277534319214	3.80839048723887e-05
ENSG00000116017.6	9.09511462023468e-06	1.20130383395151	2.67876127337796e-07
ENSG00000260604.2_8	0.00012655683181102	1.20034934943103	5.24247327111777e-06
ENSG00000169067.4_6	0.000169839544174898	1.19958759655743	7.2290457110167e-06
ENSG00000160932.11_7	8.03440976904618e-19	1.19921427871634	3.61314348620648e-21
ENSG00000158825.6_5	6.9600440614559e-07	1.19773298296288	1.58262973021451e-08
ENSG00000088367.23_9	3.10317155938793e-11	1.19295054413205	3.2824274792107e-13
ENSG00000130529.16_7	1.78948393225974e-06	1.19260529972172	4.3977689746439e-08
ENSG00000124145.6_6	1.03592667119479e-19	1.19131847503888	4.19934804639386e-22
ENSG00000259207.9_6	5.66361639903847e-08	1.18866829009161	1.00802901452357e-09
ENSG00000150782.12_7	7.29907191962192e-09	1.18830293765943	1.12343202208521e-10
ENSG00000102854.16_8	3.28522794176964e-13	1.18584827798796	2.53862306115971e-15
ENSG00000168477.19_11	1.73913930631234e-09	1.18375070418022	2.39038022212932e-11
ENSG00000136720.7_6	1.19863251453365e-12	1.18129092853455	1.01733441187933e-14
ENSG00000125378.16_7	6.34901076314854e-23	1.18077054967013	2.01070774105287e-25
ENSG00000198203.10_7	0.00228039781175719	1.17968875327495	0.000144149798336311
ENSG00000173559.14_7	8.31826925160201e-15	1.17773362732776	5.42679080893721e-17
ENSG00000221866.9_5	2.10962951113467e-06	-1.17716919048136	5.30480691614177e-08
ENSG00000136160.17_9	4.67475514917868e-05	-1.17488078037601	1.67590031317148e-06
ENSG00000104892.17_7	0.000846719911304347	1.17447259860322	4.55323793195712e-05
ENSG00000108375.13_6	0.00075679095529019	1.1743770053947	4.00732986206359e-05
ENSG00000132821.12_5	1.85890737043869e-10	1.17277953654253	2.2135456399954e-12
ENSG00000196126.11_5	0.000103429020726423	-1.1691254607577	4.17306094519454e-06
ENSG00000145113.22_7	3.06763050198947e-08	1.16768301442359	5.14898709796813e-10
ENSG00000125968.9_6	0.000966168117349942	1.16647897769009	5.32408324103401e-05
ENSG00000106034.18_7	4.52662153172988e-07	-1.16479690524579	9.71956358789226e-09
ENSG00000211448.13_9	0.000849033254473646	1.16290643747435	4.57105565177729e-05
ENSG00000129521.15_7	1.46968163273454e-07	1.1592961475686	2.8205823075663e-09
ENSG00000163638.13_7	1.35673255802e-16	1.15790889774282	7.39035976626048e-19
ENSG00000135480.16_6	4.66519010657019e-23	1.15544081541616	1.43085854355017e-25
ENSG00000103742.12_6	6.47466155809585e-07	1.15491750730024	1.44765361667585e-08
ENSG00000242265.5_6	3.24391549602541e-17	1.15278523756489	1.6170069359725e-19
ENSG00000138735.16_7	1.43604413358351e-10	1.15194225546	1.68272209724443e-12
ENSG00000141524.16_6	7.57910718125237e-10	1.14893955393436	9.93713698074006e-12
ENSG00000138771.16_7	1.98440810075882e-19	1.148497984043	8.29560011718279e-22
ENSG00000240694.9_6	1.96971939272977e-12	1.14786181251553	1.72169544082029e-14
ENSG00000153956.16_7	4.81133094849285e-08	-1.14601924120252	8.43078306561011e-10
ENSG00000231389.7_7	4.19046091467011e-07	-1.13961150988005	8.88150159637535e-09
ENSG00000163683.12_10	7.27123684071667e-09	1.13791825115678	1.1145422570645e-10
ENSG00000148926.10_6	3.13047374889962e-11	1.13398057148372	3.33113497476017e-13
ENSG00000067798.16_7	1.87251213170093e-13	-1.13120782617654	1.42324205601793e-15
ENSG00000136244.12_8	6.01303333023818e-08	1.12837910062211	1.07783660530618e-09
ENSG00000141232.5_7	3.72345712540987e-09	1.12694885506622	5.37717395866133e-11
ENSG00000105810.10_5	1.49055762072326e-15	1.12406251687194	8.87461466607463e-18
ENSG00000188112.9_6	6.40270930300966e-08	1.1231686587993	1.15579690357091e-09
ENSG00000142875.19_7	2.76984971663937e-08	-1.12110294377677	4.61407699186822e-10
ENSG00000166689.16_8	1.10251006865324e-15	1.12021624073767	6.2848939814284e-18
ENSG00000156510.13_5	1.6461933992085e-07	1.11746797912063	3.20104746362433e-09
ENSG00000095203.14_5	6.74130251255785e-12	1.1168039525006	6.23403956697141e-14
ENSG00000158055.16_4	0.00525907228308144	1.11563795371722	0.000382273049975835
ENSG00000176092.15_9	0.00347544743034241	1.1135984928311	0.000234440810318892
ENSG00000123836.15_8	1.09337055898763e-14	1.11336555334808	7.27159289927166e-17
ENSG00000165300.7_4	0.00254499236889399	-1.11105582647132	0.00016345466569917
ENSG00000071073.13_7	1.91257848428249e-08	1.10897618850144	3.11333082379401e-10
ENSG00000164120.14_6	0.00446344768161643	1.10618996690971	0.000315223217950489
ENSG00000140545.15_7	8.83866118689429e-16	1.10115859299787	4.92654031192487e-18
ENSG00000171345.13_7	7.17886655505829e-15	1.10068058288438	4.63798067276378e-17
ENSG00000205426.10_6	0.00155219990372447	1.1004384418189	9.14331080861262e-05
ENSG00000109501.14_7	2.22376970087679e-14	1.10028278722019	1.59162640105825e-16
ENSG00000111110.12_6	0.000842808415691154	1.09851267656343	4.52686557199201e-05
ENSG00000181045.15_8	5.83936031621488e-06	1.09599251562191	1.63886943428691e-07
ENSG00000128833.13_6	1.91531422974148e-14	1.09558907721866	1.3223286739411e-16
ENSG00000127399.15_7	1.73817528741296e-06	1.09512440461801	4.23864634946789e-08
ENSG00000206190.12_8	1.38696040391356e-14	1.09403867536976	9.31199663129197e-17
ENSG00000164379.7_6	3.74968439164132e-07	1.09288014563267	7.88507232090776e-09
ENSG00000188906.16_9	0.00576099091881029	-1.0926802761935	0.000427294170631293
ENSG00000132688.11_6	2.69555856859994e-11	-1.09082841641383	2.78297470662396e-13
ENSG00000109943.9_5	0.0068224706773538	1.08886414968332	0.000524429086461407
ENSG00000170786.12_4	2.28184032051257e-07	1.08842306953715	4.63941438361119e-09
ENSG00000166289.6_5	0.000419126776638848	1.08709910817914	2.00988515871489e-05
ENSG00000155324.10_9	6.92300464627961e-13	1.08578417687787	5.70047253620693e-15
ENSG00000159674.12_9	0.000460941030966958	1.08575257438485	2.23930688340295e-05
ENSG00000197550.3_5	9.71016703619451e-09	-1.08266065304047	1.51913558268308e-10
ENSG00000087301.9_7	5.80469340224309e-06	-1.08223807357443	1.62507884709364e-07
ENSG00000058085.15_6	2.47118061783594e-20	1.08167443685817	9.70440830414418e-23
ENSG00000285730.1_4	0.000519939453088343	-1.07989662032601	2.5687406473835e-05
ENSG00000100100.13_8	0.00140915041752433	1.07777365269573	8.18463980789089e-05
ENSG00000178409.14_4	9.84043889200468e-11	1.07401801908905	1.10321616663594e-12
ENSG00000197822.11_5	1.36727572697931e-10	1.07076410490663	1.59348070537239e-12
ENSG00000111275.13_6	3.40194521499938e-06	-1.07072893626447	8.89918529132723e-08
ENSG00000243137.8_8	0.0024957752074293	1.06989873039729	0.000159345161457356
ENSG00000155465.20_6	0.000589763401383417	1.0690777009674	2.96600038445929e-05
ENSG00000177106.16_9	1.71910477907613e-15	1.06807984672334	1.04531326824999e-17
ENSG00000018408.15_6	1.72309010156722e-10	-1.06566475391068	2.04090352795206e-12
ENSG00000169760.17_7	0.000267140298986781	-1.06482269417881	1.20812118999596e-05
ENSG00000184156.17_7	0.00728139465424453	1.06339233796236	0.000570040777340147
ENSG00000012171.20_8	4.22799474828629e-10	1.06330226088821	5.35595990408701e-12
ENSG00000099849.15_7	1.14399303981958e-11	1.06276882731258	1.1013867624308e-13
ENSG00000119636.16_8	0.00123022276117173	1.06051256558496	6.99734000210423e-05
ENSG00000254530.2_10	0.00477222533867968	-1.0567777495704	0.000340657331941475
ENSG00000201428.1	0.000277729867295383	1.05576828616579	1.26480728772093e-05
ENSG00000183018.9_8	9.8804889109058e-07	1.05537641093437	2.31554401889736e-08
ENSG00000205336.13_9	4.95038129597352e-08	-1.05424817014866	8.74814024307456e-10
ENSG00000059377.18_6	7.78110571938331e-07	-1.05130635021911	1.79397167586491e-08
ENSG00000119630.14_7	0.00505491530278134	1.04886752665833	0.000364038427873219
ENSG00000197279.4_5	0.00133898771980835	1.04810815393243	7.69230974072823e-05
ENSG00000130522.6_7	5.7017359297781e-05	1.04797369685203	2.11991321939431e-06
ENSG00000159167.12_6	4.3904026116547e-12	-1.04774103205448	4.00442092778235e-14
ENSG00000196188.11_5	0.00976084011528955	1.04658309859254	0.000808663470407824
ENSG00000173801.17_8	6.89376901534635e-13	1.04636603393271	5.632735007472e-15
ENSG00000213626.13_6	3.24360913203679e-05	1.04605991176626	1.1011999586849e-06
ENSG00000147408.14_6	5.1139783236944e-07	1.04491430433513	1.12074771978608e-08
ENSG00000253972.6_8	0.00976968109410359	1.04367697533356	0.000810014729679604
ENSG00000127083.7_4	0.00538616315501482	-1.04334349145534	0.000393011144830065
ENSG00000161013.17_8	2.70079895639163e-14	1.04290762352522	1.95015886134182e-16
ENSG00000115594.12_9	9.33190810200046e-06	1.04232531238205	2.7721465035712e-07
ENSG00000050438.17_5	0.000719850762646434	-1.04159027674751	3.7570118344354e-05
ENSG00000170421.12_9	5.05836644101963e-15	1.04113541902472	3.2359704240118e-17
ENSG00000138131.4_6	1.58680003268997e-12	1.03874084199976	1.37694200961823e-14
ENSG00000196917.6_7	0.000163937619986746	1.03723751667033	6.9466853161346e-06
ENSG00000253161.5_9	0.000108418644304402	-1.03616331472523	4.40184640227525e-06
ENSG00000157827.20_6	1.87355586903374e-13	1.03568913682454	1.43590233185383e-15
ENSG00000064687.13_5	8.06506484407314e-08	1.0341222301391	1.48653019358075e-09
ENSG00000076770.14_7	5.28259048553934e-06	-1.03392394289412	1.45883547738482e-07
ENSG00000149633.12_11	0.00520470580072392	-1.03351386603384	0.000376734900909823
ENSG00000143367.16_7	4.00505559149114e-11	1.03190939596875	4.36324779412513e-13
ENSG00000142675.18_5	0.00181007082707223	1.03162403914371	0.000109260039156311
ENSG00000177508.12_6	0.000101016506057508	1.03107774808937	4.06022413001155e-06
ENSG00000150907.10_8	0.000703004733198676	1.02991842213728	3.64237314261792e-05
ENSG00000131941.8_6	4.59886310875732e-09	1.02952487475835	6.75789359786989e-11
ENSG00000163346.17_7	1.74952176512594e-11	1.02937938063077	1.77301420331993e-13
ENSG00000077984.6_5	0.00466274342019862	1.0288133055834	0.000332185799159671
ENSG00000126785.13_5	0.0091030492423591	-1.02843515432615	0.000742129085374225
ENSG00000142798.20_10	1.41510090588578e-15	1.02832884507995	8.33572233641862e-18
ENSG00000154930.15_6	2.39527781107467e-05	1.02832228471652	7.82849854645636e-07
ENSG00000124664.11_7	6.88727509366755e-07	1.02607960246902	1.56172060016024e-08
ENSG00000103888.17_5	3.95783515623356e-15	1.0249878646048	2.48179427709097e-17
ENSG00000183876.9_7	3.24360913203679e-05	-1.02463413056391	1.1003044610968e-06
ENSG00000205213.14_6	1.00544340456518e-14	1.0244270237869	6.62313871768294e-17
ENSG00000065618.21_9	2.11496405802103e-12	1.02392971646174	1.86204715014519e-14
ENSG00000116117.18_6	1.18755652577415e-08	1.02263694267579	1.88047334332111e-10
ENSG00000152056.17_8	3.54113666423431e-05	1.0220586466735	1.22202729673708e-06
ENSG00000151715.8_5	7.98701597854642e-09	1.01828119947906	1.23437541092306e-10
ENSG00000091136.14_7	6.51540163835393e-18	-1.0169222855954	3.09510465465255e-20
ENSG00000092969.12_7	4.90269871424446e-11	1.01348534676992	5.43433161257145e-13
ENSG00000165959.12_7	1.43828977119053e-05	-1.01336972035387	4.48212925909387e-07
ENSG00000067606.17_7	0.00166481975556041	1.01113332957335	9.93324176423808e-05
ENSG00000198246.9_7	0.000116224975612942	1.00781539550973	4.74823342224144e-06
ENSG00000166908.18_6	1.94094780114846e-07	1.00768971784911	3.87255230150598e-09
ENSG00000163710.9_8	0.00565174021622427	-1.00502167278245	0.000417401133273214
ENSG00000158292.7_6	1.47715372541462e-07	1.00299552876337	2.844278772017e-09
ENSG00000153064.12_8	0.00166818341096961	1.0026569953282	9.96423779380075e-05
ENSG00000125772.14_7	5.26276208126262e-10	1.00244663127424	6.80012328716477e-12
ENSG00000164181.14_7	4.11178566648739e-07	1.00160429666937	8.67256541006018e-09
ENSG00000248323.7_10	0.000263288289979022	-1.00107160329764	1.1856978349068e-05
ENSG00000106976.21_4	0.000857468330262472	-1.00059442697091	4.62926882864601e-05
ENSG00000179583.19_6	5.22238773848128e-06	-0.999415683868448	1.43559429851842e-07
ENSG00000170961.7_6	5.41825429780877e-07	-0.999316505578084	1.19429471474376e-08
ENSG00000078401.7_5	1.4856866971161e-08	0.998849102422942	2.38078752451465e-10
ENSG00000160712.13_6	0.00859632411831392	0.99752039745801	0.000692584512192507
ENSG00000064547.14_7	9.66988802806314e-05	0.997189178524719	3.85252062937149e-06
ENSG00000153132.13_10	8.22150146308755e-10	-0.995929238610041	1.0831468864468e-11
ENSG00000156509.14_6	0.000701690734893947	-0.993753232191541	3.63112066384821e-05
ENSG00000162522.11_5	4.19543132526506e-09	0.989594362997225	6.13848895449854e-11
ENSG00000166165.13_7	3.17618066278441e-08	0.98939809853664	5.35130514505101e-10
ENSG00000250606.4	0.00541010836542371	-0.988147393152528	0.000395101022633236
ENSG00000223477.3	1.98443169080005e-06	0.987932454515688	4.92714227763884e-08
ENSG00000143195.13_8	1.1763590513394e-07	-0.985209029645217	2.20548694702599e-09
ENSG00000179222.18_6	1.92655846223809e-14	0.984733836745019	1.3422943428312e-16
ENSG00000164855.16_6	2.69177910456034e-05	0.984532090806886	8.91690189818252e-07
ENSG00000164125.15_8	0.00135792601377657	0.98414378654531	7.82691077107091e-05
ENSG00000135709.12_5	2.31886675179082e-06	0.982761586872909	5.86032324527829e-08
ENSG00000110876.10_4	0.000877361444171423	0.979065500554272	4.76326484021191e-05
ENSG00000135842.17_7	2.71208356033153e-12	-0.976885847808168	2.40493855109205e-14
ENSG00000132470.14_7	5.88967689147651e-17	0.975807798238372	3.02168626937926e-19
ENSG00000164509.15_6	9.01325925662786e-06	-0.975575881726613	2.64894368829195e-07
ENSG00000173156.7_5	0.000127942299191198	0.975225032661362	5.31454579361057e-06
ENSG00000147872.10_7	5.62404940359338e-13	0.97294934111784	4.41716573375715e-15
ENSG00000059728.11_6	2.06783684976693e-06	0.971097639911634	5.1735213811625e-08
ENSG00000147650.11_7	6.54902880406382e-11	-0.970984405617771	7.30066550237669e-13
ENSG00000106819.13_7	0.00520470580072392	-0.967943293900286	0.000377156426700672
ENSG00000146242.9_3	4.76774460870488e-12	0.966578390324139	4.37878748582599e-14
ENSG00000147804.10_6	0.00123531872125054	0.964712954058582	7.04197396203122e-05
ENSG00000259571.2_6	0.000462133287839799	-0.96253088178171	2.24802612782471e-05
ENSG00000235027.1_8	1.01291464508976e-06	0.960725699689686	2.39306538268608e-08
ENSG00000110195.14_5	0.00803860148972684	0.959316168409871	0.000637976163328333
ENSG00000231298.7_9	1.29929902566514e-08	-0.959073741734822	2.07387480661018e-10
ENSG00000025708.14_8	0.000877361444171423	0.958136843248254	4.76802710349051e-05
ENSG00000079156.17_6	0.000122398406114391	-0.95687661912132	5.0547099560795e-06
ENSG00000122042.10_6	1.23678113851995e-07	0.956038832625424	2.34226982782788e-09
ENSG00000130940.15_6	0.000145317677546569	0.955870434873125	6.09325453102538e-06
ENSG00000198768.11_8	5.0544702198266e-08	-0.954649137267305	8.96409717222858e-10
ENSG00000188910.8_5	0.000212869970667308	0.954159092569325	9.30965382303588e-06
ENSG00000149212.12_7	6.76209948531811e-05	-0.953694749154309	2.56555459317554e-06
ENSG00000163694.15_7	4.40003760605761e-07	0.952558238620162	9.41989302538302e-09
ENSG00000185745.10_5	8.22974065967647e-12	0.951599849456636	7.80526706694673e-14
ENSG00000162576.17_5	3.90113594315582e-10	0.951123020969102	4.91719060481384e-12
ENSG00000142235.11_9	0.00811204410384922	0.949937966025017	0.000645910116247616
ENSG00000070404.10_9	3.9294807345727e-12	0.948900745369923	3.53424286996024e-14
ENSG00000104763.20_11	1.45202957926029e-10	0.948140027644533	1.71065050508244e-12
ENSG00000179403.12_7	1.01059971299327e-06	0.947902785099648	2.38119516869455e-08
ENSG00000254526.1_6	0.00745939626278803	-0.947463584814082	0.000586810879046284
ENSG00000143878.10_5	2.99542607180499e-05	0.943421503509974	1.00366125664102e-06
ENSG00000247809.9_12	0.00811153471011677	-0.941150730357631	0.000645305776279874
ENSG00000122711.9_5	0.00212338862847341	0.940979005564828	0.000132745412737728
ENSG00000111057.11_8	6.19890864798856e-13	0.940963805934546	4.9471908389065e-15
ENSG00000100994.12_6	4.03547476520343e-14	0.938509445914571	2.93944513553581e-16
ENSG00000008517.18_7	0.00710001305252926	0.938407268639552	0.000553155011187692
ENSG00000171219.9_7	0.000823236386718151	0.93528923776816	4.40088364827793e-05
ENSG00000189221.10_3	1.70049246512613e-07	0.935011854680912	3.31740359297472e-09
ENSG00000181885.18_7	6.51168250992236e-07	0.935010795683155	1.46005549057038e-08
ENSG00000136205.17_8	1.67952271280096e-15	0.9340578573645	1.01060715553643e-17
ENSG00000144749.14_5	1.00276289955087e-06	-0.933411655471936	2.35637848830359e-08
ENSG00000259001.3_8	0.00717714615970462	0.933008729913861	0.000560970253425102
ENSG00000181773.7_5	0.00895829489598684	-0.930098707636176	0.000727957229398339
ENSG00000251562.8_6	0.00852798535435862	0.929297112297826	0.000685660807976774
ENSG00000157214.14_8	0.000720971001089388	-0.927111141879984	3.76742510703537e-05
ENSG00000231290.6_8	0.00811204410384922	-0.925977889458169	0.000646373922133413
ENSG00000225269.3_8	9.33190810200046e-06	-0.925776779947284	2.77130119942776e-07
ENSG00000163818.17_7	2.63909519718128e-05	0.924910100854026	8.72566311710556e-07
ENSG00000115339.14_7	4.52886659846e-10	0.923259911308936	5.79447081890626e-12
ENSG00000130827.6_6	1.02454988247018e-10	0.923193682693592	1.16160646669725e-12
ENSG00000167642.13_8	6.3661006469832e-09	0.922661578147751	9.63705380433865e-11
ENSG00000090661.12_6	0.00918442284402521	0.921682862846315	0.000753346059222995
ENSG00000188766.12_4	0.00496824502452839	-0.919830882363829	0.000356223294132641
ENSG00000170745.12_6	0.000482598729288746	0.91748274795462	2.35369281449414e-05
ENSG00000265972.6_6	1.99206611216703e-14	0.915994278352693	1.40055319515163e-16
ENSG00000114812.13_5	0.0010251276986849	-0.915764360940979	5.68793934664287e-05
ENSG00000123933.17_8	3.08237371893852e-05	0.915622085097903	1.03865139249765e-06
ENSG00000106351.13_6	2.246298880311e-06	0.911633462394976	5.66269922956534e-08
ENSG00000115267.8_8	6.53166694879691e-07	0.910381686175618	1.46867352851717e-08
ENSG00000132849.21_8	1.26358892839735e-09	0.910110823025815	1.69673709665719e-11
ENSG00000130787.14_5	1.33634157704786e-11	0.90923014103896	1.30350014482753e-13
ENSG00000049089.15_10	0.00347544743034241	0.908960605413821	0.000234381184911221
ENSG00000105204.14_8	0.00554296139338132	0.906946209784175	0.000406086519073044
ENSG00000202058.1	0.0021088778435998	0.906195667141958	0.000131571109446783
ENSG00000115128.7_6	2.00271808745145e-05	-0.905694535490706	6.4440131012499e-07
ENSG00000186807.9	0.0034712009057952	0.904302855199659	0.000233055039279384
ENSG00000176842.15_6	0.00195816779689841	0.903902391425083	0.000119563830517486
ENSG00000166510.14_8	6.47340708745386e-05	0.898487005225877	2.44782368331008e-06
ENSG00000249867.6_10	1.70992018955575e-05	-0.898478859419733	5.38276117436792e-07
ENSG00000177666.17_6	1.73817528741296e-06	0.898368626246479	4.23737879839757e-08
ENSG00000221955.10_6	4.86493171933366e-05	0.897331548009653	1.76564851480757e-06
ENSG00000060140.9_9	3.37281811329568e-05	0.892588953662909	1.15261800096194e-06
ENSG00000088836.14_11	4.99438991653367e-07	0.892576460384177	1.08504924079747e-08
ENSG00000160209.19_5	3.36911607804329e-11	0.888271009179919	3.62775356769292e-13
ENSG00000166925.9_9	0.000116275975634913	0.887290174503929	4.75768180011108e-06
ENSG00000161011.20_7	1.50505683261174e-13	0.886666820209599	1.13441704510259e-15
ENSG00000135678.12_10	0.00347421531722934	-0.886588788341212	0.000233477479831538
ENSG00000125827.9_6	1.50311316765835e-07	-0.885083988336412	2.90378462209144e-09
ENSG00000022556.16_9	1.43828977119053e-05	0.885002727868341	4.47840089969585e-07
ENSG00000115414.20_9	7.87047953150802e-12	-0.884577899022975	7.32810039987129e-14
ENSG00000167468.18_8	2.43960483955147e-06	0.883858651779671	6.21181369077585e-08
ENSG00000124766.7_6	1.02990773721988e-06	0.883157686156904	2.44625919342194e-08
ENSG00000133135.14_8	0.000316594560443961	-0.883036990540284	1.46185352523213e-05
ENSG00000091986.16_9	6.81414427632154e-10	-0.882801182439826	8.89101672740206e-12
ENSG00000174130.12_6	0.000693876336473657	-0.882561255115781	3.58189266674709e-05
ENSG00000134294.14_7	1.22913354199823e-15	0.882441625306218	7.16241993056989e-18
ENSG00000167693.17_7	3.12483614651472e-07	0.880718487416286	6.47213972580639e-09
ENSG00000133985.3_5	0.000587605961223561	0.88040000977189	2.94026291719415e-05
ENSG00000110092.4_5	1.33175363627984e-12	0.880377904983101	1.13875564287927e-14
ENSG00000168610.15_7	5.75354510284595e-13	0.877259117197146	4.55531503582305e-15
ENSG00000137941.17_7	3.91693571898133e-05	-0.87410080621559	1.36700758877547e-06
ENSG00000259974.3_8	0.000257969837536066	0.873628856135181	1.15847868516006e-05
ENSG00000095739.11_5	0.00051947604895879	0.872958324510008	2.56316089522991e-05
ENSG00000161791.14_8	8.00275076079748e-07	-0.872898163407032	1.85014189744811e-08
ENSG00000114554.11_5	1.58680003268997e-12	0.871980478414302	1.37348052858609e-14
ENSG00000109255.11_7	0.00202511227215279	0.871928407429844	0.000125575431621331
ENSG00000167779.9_6	2.05288523982448e-09	0.869806947299801	2.87362324551058e-11
ENSG00000163359.16_6	5.14474433774885e-09	-0.868974046266848	7.69039564041505e-11
ENSG00000134755.17_10	9.06497032763358e-07	0.867019779934061	2.11868130915682e-08
ENSG00000111817.19_10	1.19830491082455e-07	-0.86683164109792	2.26181190414059e-09
ENSG00000187608.10_9	1.74437103961537e-06	0.866381248484206	4.26480378319947e-08
ENSG00000117525.14_6	1.00619691096309e-09	0.865057031767912	1.33199363055032e-11
ENSG00000237973.1_6	8.59648856729899e-08	0.86357680871709	1.59537062973056e-09
ENSG00000197249.14_8	4.51133924237115e-06	-0.86291849470915	1.21441549151744e-07
ENSG00000106823.12_8	0.0068224706773538	-0.862738066504876	0.000524605992038733
ENSG00000075420.13_5	1.29254322102201e-10	0.862593892357037	1.49001055374972e-12
ENSG00000161714.12_8	4.19786351112011e-07	0.862540395274719	8.9338873811525e-09
ENSG00000051108.15_9	1.1032993141148e-07	0.862446235182134	2.06152329404527e-09
ENSG00000049192.15_7	1.83738347448408e-05	-0.862281583047019	5.84219979852426e-07
ENSG00000106571.14_8	0.00339081817016833	-0.861237000193741	0.000227013858998475
ENSG00000124762.14_5	3.77576873855505e-08	0.861133505379639	6.45716721186891e-10
ENSG00000164161.10_5	7.65359258503206e-05	-0.86059858447459	2.93772302161732e-06
ENSG00000106809.11_6	0.00844067019982291	-0.860519448861067	0.000677370733669599
ENSG00000076356.7_6	3.08786139614627e-11	0.860432364694864	3.24667463744794e-13
ENSG00000078246.17_6	8.7929656621792e-05	0.860094064567948	3.45859619724682e-06
ENSG00000109099.16_7	9.74585684370953e-09	-0.859518981448853	1.53089213151758e-10
ENSG00000283646.2_8	0.00531093527109288	0.858980191865163	0.000387185615469211
ENSG00000140511.12_6	0.00344730885295776	0.858692217100905	0.000231232586475948
ENSG00000229512.1_9	0.00653092296636947	0.85769861062415	0.000496396475781819
ENSG00000110057.8_8	1.37816166983085e-05	0.857273212845578	4.25323330560732e-07
ENSG00000174851.16_7	7.31790259663919e-07	0.856501860273485	1.67327263579095e-08
ENSG00000154734.15_9	3.68269307123759e-08	0.855860841185875	6.27466706462447e-10
ENSG00000158109.15_5	4.16963022805705e-05	0.855013146265976	1.46840284190507e-06
ENSG00000058056.9_6	2.82014848418404e-08	-0.854822496109222	4.7157284002064e-10
ENSG00000100219.16_9	1.86597277224317e-08	0.851933659859544	3.01382731772237e-10
ENSG00000139112.11_6	0.000572195984033601	0.851837369428633	2.85590597554141e-05
ENSG00000120708.17_8	4.23567465015183e-10	-0.850648138825873	5.3925171312422e-12
ENSG00000052802.13_6	1.27706123054724e-07	0.849305193217136	2.4266428247034e-09
ENSG00000130066.16_2	8.81885328230841e-09	0.849253337558184	1.37410559123883e-10
ENSG00000104880.18_6	1.08113927158212e-06	0.849007502118133	2.58164115395529e-08
ENSG00000242802.9_8	7.91478817664061e-06	0.848834292773425	2.29101735287862e-07
ENSG00000267374.2_11	0.000419126776638848	-0.848145013181648	2.01227575812166e-05
ENSG00000186834.4_4	2.19818583695654e-08	0.846770739161945	3.5921709268735e-10
ENSG00000182749.6_5	4.20910147398367e-06	0.84668958378906	1.12239151288771e-07
ENSG00000155158.20_7	0.00252314204503559	-0.84621674597595	0.000161454831921512
ENSG00000124882.4_5	4.81133094849285e-08	0.843759242780161	8.44146613081149e-10
ENSG00000184500.16_9	0.00015853943001635	-0.840270690238599	6.70790088997478e-06
ENSG00000119314.16_7	1.05293369372009e-09	0.839591527050164	1.40720173153623e-11
ENSG00000138182.14_4	1.93458636589414e-10	-0.837031627003188	2.32816955611785e-12
ENSG00000123395.14_4	0.000611260316967211	0.83683591306451	3.0895980044327e-05
ENSG00000136826.15_8	2.89188775622272e-06	0.834446054414252	7.49165247209965e-08
ENSG00000125247.15_6	0.000379787743711009	-0.83412514092514	1.78732134264809e-05
ENSG00000128274.17_7	0.00309152206176512	0.833817255915581	0.000204430518905675
ENSG00000050327.15_7	0.000504299802418831	0.833707572165843	2.46591998649188e-05
ENSG00000168209.5_6	5.370288314088e-05	0.832905114792122	1.97967304205676e-06
ENSG00000137124.8_8	3.95756194214164e-06	0.831976869965469	1.04779635914315e-07
ENSG00000130775.16_5	0.00452902300868975	0.831211703286749	0.000320428090999902
ENSG00000138764.15_7	3.05976458254363e-05	0.829792134188223	1.0290948779647e-06
ENSG00000111846.18_7	2.0206695644204e-10	0.829473175641028	2.45736354426601e-12
ENSG00000141682.12_4	2.73960714226066e-09	0.829288665249032	3.9043045794822e-11
ENSG00000187908.20_8	0.00221978637074059	-0.829197300108473	0.000139334196440583
ENSG00000000971.16_5	2.03468388614859e-05	0.827507774046453	6.5855299329993e-07
ENSG00000146555.19_6	0.0010330880242397	-0.827494433780586	5.74071272208795e-05
ENSG00000136048.14_6	0.000437189919237617	0.827389070113933	2.10730636267942e-05
ENSG00000100906.11_5	8.22775419539234e-08	0.826498117599394	1.52172803715136e-09
ENSG00000140937.14_7	1.27683756040494e-11	0.82607792079826	1.23737108400023e-13
ENSG00000119686.10_6	0.00466274342019862	0.825816189995302	0.000332251478827175
ENSG00000165996.14_7	4.79495185381911e-05	-0.824814437909078	1.72506501961569e-06
ENSG00000158301.18_5	0.000839184362864067	-0.824691742030353	4.50208484510936e-05
ENSG00000177469.13_9	1.32685254353934e-09	0.824638350762665	1.79009115640917e-11
ENSG00000090615.15_8	2.42655310299964e-11	0.824279813377986	2.48987587209236e-13
ENSG00000171346.16_8	0.00981234316502553	0.82426929157316	0.000814173394108402
ENSG00000128805.15_7	0.000402388402831976	-0.82135336736816	1.92171811334754e-05
ENSG00000169251.13_9	1.85368841872805e-07	0.82023882530563	3.65148909440349e-09
ENSG00000276107.1_7	7.18228094881657e-08	0.820226267552971	1.31471953015454e-09
ENSG00000106003.13_6	5.12530276971873e-06	0.81938900938092	1.39916740166504e-07
ENSG00000113645.15_6	5.57093251562939e-07	0.817612192466828	1.23147672153196e-08
ENSG00000172830.13_8	0.00257464654197121	0.81752181546003	0.000166011539126342
ENSG00000172731.14_7	0.00113478773145179	0.816982433089879	6.41139255418669e-05
ENSG00000123104.12_8	1.16670334763826e-08	-0.816405139107039	1.84006291843126e-10
ENSG00000197275.14_7	8.37059523806666e-06	-0.814858538415731	2.43355916789498e-07
ENSG00000131016.17_6	1.3393693701782e-06	-0.81469343762177	3.22371649776865e-08
ENSG00000162511.8_6	6.20631388310659e-06	-0.814593018512954	1.7532404306217e-07
ENSG00000131773.14_8	0.00357959053003924	-0.813977057303546	0.000243733203685849
ENSG00000165895.19_7	6.45306041602592e-08	0.813510343361742	1.1689734475446e-09
ENSG00000107130.10_5	0.000130386138620016	-0.813389724192904	5.45064932158668e-06
ENSG00000006451.8_6	7.47012411773779e-06	0.812550520610033	2.14337865805372e-07
ENSG00000075223.14_6	1.9411393647381e-11	0.811750062881743	1.97949985889811e-13
ENSG00000203805.11_5	0.000212446250428317	-0.810944672811081	9.27131153693376e-06
ENSG00000172159.16_6	0.00700427087927803	0.80910693716253	0.000542134470134137
ENSG00000196642.19_7	9.06401915270079e-07	0.807946324394627	2.11271791752843e-08
ENSG00000099337.5_5	0.000511835546419982	0.80742453895044	2.51897782853006e-05
ENSG00000180667.10_5	2.23183013259041e-07	0.80715313304104	4.48118920719003e-09
ENSG00000113504.21_10	1.02490191383231e-06	0.806925194355752	2.42787760180697e-08
ENSG00000198959.12_6	1.04555782988259e-10	-0.804941384900633	1.19204718380331e-12
ENSG00000163378.14_8	3.03309857502434e-05	-0.804851132936473	1.01820512082778e-06
ENSG00000189056.14_8	0.00525907228308144	0.804413437954093	0.00038240530662386
ENSG00000143867.7_6	0.00279374124224525	0.803584552629621	0.000182034604916259
ENSG00000132561.14_9	1.93287774477553e-07	-0.803567515813747	3.83196563285243e-09
ENSG00000146433.9_3	1.08104828105739e-06	-0.801980021542314	2.57457660044072e-08
ENSG00000107518.18_8	0.00291612801200413	-0.801971808317195	0.00019172414976313
ENSG00000130703.17_7	1.81330616695187e-07	0.801676441423663	3.56045675041221e-09
ENSG00000183098.11_5	0.00108260726639789	-0.801223389825326	6.04800867090787e-05
ENSG00000153786.13_8	1.01412654686589e-09	0.801098056238523	1.34891420599087e-11
ENSG00000176871.9_6	7.38510235836815e-06	-0.800779973383596	2.11430597034609e-07
ENSG00000180398.13_6	1.91257848428249e-08	-0.800508590720583	3.1097574520771e-10
ENSG00000073712.15_9	1.94464242755601e-07	-0.799920180395081	3.8922409875076e-09
ENSG00000130733.11_7	1.1400267407728e-05	0.799324619991849	3.45156309912211e-07
ENSG00000171791.13_8	0.00320860119384046	-0.797540656855216	0.000213292030410172
ENSG00000024422.12_6	8.9215547058939e-06	0.79691288212469	2.60503972600525e-07
ENSG00000147100.11_7	0.00445076694080352	0.796910674338388	0.000314024876083971
ENSG00000135114.12_5	7.89134931943493e-06	0.795099748943737	2.27923441199793e-07
ENSG00000178695.6_5	0.000522859614246615	-0.79262506164956	2.58647934334055e-05
ENSG00000111276.11_8	7.50522786637675e-07	0.7924898825567	1.72085918902228e-08
ENSG00000164530.15_6	0.00295342043978538	0.792486711544494	0.000194363050224031
ENSG00000133138.20_8	0.00126910605129759	0.790979284822877	7.25065656365862e-05
ENSG00000136111.14_10	4.75210590850624e-06	0.790613089720335	1.28524779765148e-07
ENSG00000057704.13_8	0.000109774656898297	-0.790317220393288	4.4638541758745e-06
ENSG00000173227.14_6	0.000286415383948057	0.790160990428296	1.30980432740371e-05
ENSG00000179833.4_7	4.31820219079702e-05	0.785796271689445	1.52893021576864e-06
ENSG00000144278.15_6	0.00891020610410139	-0.783799604781278	0.000722952496792113
ENSG00000105514.8_8	0.00932264610672698	0.783493390957862	0.000767920743041709
ENSG00000187091.14_6	0.00183210759860083	0.783318923545191	0.000110899674269886
ENSG00000134153.10_9	1.00770712755361e-05	-0.783054507794232	3.01903642850808e-07
ENSG00000127184.13_8	2.83884225725252e-07	0.781492971266214	5.84382907022465e-09
ENSG00000223749.11_10	0.000252558999808887	0.781213123329876	1.12938088336125e-05
ENSG00000142552.8_7	0.00918386650584482	0.780877332415389	0.000752718726790169
ENSG00000172819.17_8	0.000602115291807439	0.779914354914824	3.03956098030484e-05
ENSG00000162654.9_6	0.00251423697047327	0.77924289351627	0.000160683120294371
ENSG00000066279.18_7	4.86263269022315e-10	-0.778932055746965	6.25230831083924e-12
ENSG00000145632.15_6	2.26188982021503e-07	0.777952006406094	4.57266148282255e-09
ENSG00000172059.11_5	0.00184550441083184	0.777120837080175	0.000111983356066436
ENSG00000012232.9_5	4.87644368692947e-07	-0.774815400726314	1.05248336877724e-08
ENSG00000183914.14_5	4.88536267062938e-06	0.774290668094587	1.32747693545731e-07
ENSG00000255248.9_9	8.14269033757715e-06	-0.77425149062712	2.36214351064754e-07
ENSG00000143369.15_6	8.39463300077618e-05	-0.772689093225292	3.28064894950526e-06
ENSG00000066455.13_5	2.63468472844628e-06	0.772687119965044	6.75859713086359e-08
ENSG00000153294.12_7	0.00760131066220458	0.772126433313462	0.000598937830237047
ENSG00000158286.13_5	0.00197148246303897	0.771906913547164	0.000120876299988708
ENSG00000171723.16_8	0.00045036069045677	-0.771426430363267	2.18505376798762e-05
ENSG00000086062.13_4	4.98351852828505e-09	0.769858240342359	7.41782907364446e-11
ENSG00000124171.9_5	3.9712749362542e-05	0.7697955063771	1.391648770042e-06
ENSG00000198355.5_5	0.00242259776656074	0.767319085722062	0.000154212741030754
ENSG00000029534.21_10	1.339033863145e-05	0.766731290879766	4.11344960492352e-07
ENSG00000183255.12_7	3.08405013926597e-09	0.766110619438565	4.4147158061446e-11
ENSG00000076604.15_6	0.000158486250207632	0.766079013686189	6.69561242009695e-06
ENSG00000143507.18_6	4.50800806857591e-05	0.76477947654904	1.61041078710211e-06
ENSG00000119922.10_7	6.0949623920276e-09	0.764562003086131	9.16058558659102e-11
ENSG00000244405.8_8	5.22238773848128e-06	-0.76313870218492	1.43522646944418e-07
ENSG00000151466.12_9	1.9045452254532e-05	-0.763036545429414	6.10400230605092e-07
ENSG00000142173.16_7	1.63687452526433e-06	0.76245243242521	3.97088258915783e-08
ENSG00000110090.13_6	2.05787670352858e-09	0.761317539067112	2.89880937797528e-11
ENSG00000175866.15_8	2.4732210689845e-05	0.760983766172687	8.09890608477951e-07
ENSG00000101665.9_6	0.00578003103343144	0.760965179266784	0.000429438586408353
ENSG00000065809.13_9	7.28264047458787e-06	0.760578161849723	2.08035904106862e-07
ENSG00000183087.15_6	1.29842075917195e-08	0.760549166890185	2.06424886339092e-10
ENSG00000163874.11_6	0.00160968813218594	0.760243580969272	9.52273065278481e-05
ENSG00000185986.12_7	0.00093797754234495	0.759349023718575	5.14497435818803e-05
ENSG00000167470.12_6	0.00352969646478609	0.758995505643377	0.000238547385858042
ENSG00000058804.12_6	4.84956428791596e-09	-0.758879237893773	7.15700835498111e-11
ENSG00000095383.20_8	2.47766099482534e-07	0.758749677145395	5.05324829195439e-09
ENSG00000101974.14_7	3.05909047894331e-06	-0.758583542464079	7.9441797337646e-08
ENSG00000145147.20_10	1.29357152122201e-06	-0.758252923761622	3.10529266875566e-08
ENSG00000088280.19_7	7.04507803905844e-06	0.75740997235793	2.00803465769971e-07
ENSG00000164050.13_6	0.00428123489904266	0.756551636222416	0.000299914225889358
ENSG00000196535.16_10	2.52654032453401e-08	0.756067396539852	4.19276390314106e-10
ENSG00000133056.13_9	0.00198979330300097	0.755688837522226	0.000122377077350769
ENSG00000198911.12_7	4.08214222651707e-08	0.755542699971094	7.03282673937574e-10
ENSG00000069535.14_6	0.00914340944394025	0.75533710919496	0.000747086279622683
ENSG00000008311.15_6	5.07979520779786e-07	-0.755330197743653	1.11003885653044e-08
ENSG00000122641.11_7	0.00993891453808494	-0.755004550157687	0.000827193672602205
ENSG00000114423.23_11	2.27038191732407e-05	0.754526734340119	7.40592023956103e-07
ENSG00000186716.21_7	7.06623433117993e-07	0.753151072448078	1.61125181101138e-08
ENSG00000093144.19_9	7.6210869449497e-05	-0.751297500936527	2.92041905351822e-06
ENSG00000157168.20_8	3.76628441159789e-09	0.750946144597988	5.46287769353887e-11
ENSG00000137393.10_4	0.000753856624168259	0.750317048530729	3.97746749386977e-05
ENSG00000151012.13_6	1.08204609850783e-07	-0.749996344295944	2.01495789815875e-09
ENSG00000118898.16_8	0.000148610001395799	0.74986509722742	6.25012927076326e-06
ENSG00000196739.15_5	0.00252314204503559	-0.748798118732658	0.000161571865184379
ENSG00000160570.14_8	0.00175118244741929	0.74821276476101	0.000105261726792558
ENSG00000128923.11_8	4.81985482066673e-05	0.74774143642842	1.74387422350809e-06
ENSG00000187239.17_7	1.94094780114846e-07	0.74691994651313	3.86361168134753e-09
ENSG00000163171.8_5	8.88667915022182e-07	0.746888293341487	2.06575326078756e-08
ENSG00000170006.12_7	0.00224527975336682	-0.746147148961355	0.000141218824112823
ENSG00000142156.15_5	7.27123684071667e-09	0.744429289911397	1.1133317441112e-10
ENSG00000174938.14_9	0.00137902433498808	0.743267048766353	7.96598805110927e-05
ENSG00000141279.16_8	6.34599929957853e-07	0.74271715247316	1.41084732337982e-08
ENSG00000129422.14_8	0.000127942299191198	0.742592563040533	5.31607222380452e-06
ENSG00000163393.13_5	0.00324780416825303	0.741759800548042	0.000216204850572202
ENSG00000156804.7_6	0.000286606082986213	0.741588914966018	1.31249175322417e-05
ENSG00000163389.12_6	0.000870425222438575	-0.740788833749243	4.70827932583318e-05
ENSG00000149548.15_5	3.12443496101754e-05	-0.74062004304133	1.0548035433382e-06
ENSG00000165424.7_6	0.00436948990813907	-0.740292090199621	0.000306927052706247
ENSG00000158156.9_5	6.11642926349668e-05	0.740031988327274	2.29734136892167e-06
ENSG00000237187.9_9	0.00627910003750288	-0.739696353822119	0.00047367672565657
ENSG00000124143.10_7	0.00663195013229582	0.73845626615229	0.000505755507935404
ENSG00000077150.20_8	2.06756002700836e-06	0.738178209675475	5.15973302914425e-08
ENSG00000214357.9_5	0.00698835887481558	-0.736809612263222	0.000540460234744732
ENSG00000169174.11_5	0.000229148695763116	0.736181919314864	1.01101816412924e-05
ENSG00000165757.9_9	0.000398928062410687	0.734607956377142	1.89761195129482e-05
ENSG00000167657.14_7	2.58347294415323e-05	0.734265898151112	8.50903173904029e-07
ENSG00000102100.16_8	3.25834927003002e-07	0.733963911524976	6.78994749075169e-09
ENSG00000019582.15_8	8.97788767515786e-06	-0.733203735723071	2.63286166303401e-07
ENSG00000163251.4_6	0.00041942429991101	0.732764631786192	2.0163608033472e-05
ENSG00000155016.18_5	0.000505940346072311	-0.732723707886832	2.47714648792688e-05
ENSG00000067082.15_6	4.02899319215643e-09	0.732490952356154	5.86944789837838e-11
ENSG00000164176.13_8	4.55458081492863e-08	0.731723741413395	7.93330202752327e-10
ENSG00000125966.10_5	0.00369107193275237	0.731428775306388	0.000252834786011884
ENSG00000145779.8_7	0.000247656669825192	0.73113532017802	1.10118433124705e-05
ENSG00000134363.12_7	3.63303573628574e-05	0.730479531538237	1.25642102356981e-06
ENSG00000132182.12_6	1.22218863553645e-06	0.730215875919219	2.92619270479337e-08
ENSG00000167785.9_6	0.000171227179827389	0.72876560700333	7.32064519783935e-06
ENSG00000178038.17_6	4.76377255184024e-06	0.728384025181894	1.29142047896353e-07
ENSG00000140104.14_8	0.00946067580388073	0.72714511458516	0.000780200145468249
ENSG00000139211.6_4	6.121040375401e-08	0.726463753562395	1.1010738957524e-09
ENSG00000116106.12_9	1.30699548828539e-05	0.726169486182383	3.99847238942135e-07
ENSG00000186951.16_7	0.00272504089154666	0.725916502901773	0.00017674448143804
ENSG00000164199.18_11	0.00052890682641971	-0.724301258351232	2.61974371839507e-05
ENSG00000172936.16_9	0.00130646948540959	0.724218836426011	7.49722164796735e-05
ENSG00000198380.13_5	6.4288382579896e-07	0.723433847882458	1.43333612035238e-08
ENSG00000142279.13_5	0.00503072146160804	0.723419613959437	0.000361977424650794
ENSG00000056558.11_6	3.45563362542192e-05	0.722558622304988	1.18631455851196e-06
ENSG00000151748.15_9	0.000166693721004104	0.722020395658742	7.07403047078473e-06
ENSG00000105971.15_5	2.36636296551551e-06	0.721936570525302	6.01033410927109e-08
ENSG00000167972.14_8	0.0037984497011091	-0.721907475947022	0.00026148068011463
ENSG00000145362.20_10	0.000565063942223073	-0.721861494362645	2.81315086513387e-05
ENSG00000109472.14_5	3.9712749362542e-05	0.72165496900754	1.39351806098608e-06
ENSG00000177951.17_5	0.00205744369159162	0.718093192126348	0.000128231859166845
ENSG00000150457.9_6	7.39117114014316e-05	0.717565889511172	2.82295173391584e-06
ENSG00000214193.11_10	0.00148274823822999	0.717320238454774	8.69663585381918e-05
ENSG00000145332.14_6	0.00289860047844466	-0.716597136707188	0.000190020996655069
ENSG00000147669.11_5	0.00530761979346662	-0.716532116304868	0.00038660772501182
ENSG00000141449.14_7	3.54113666423431e-05	0.715366546678491	1.22239642893824e-06
ENSG00000106266.11_7	0.000386623769592385	0.713840130225961	1.82461767469952e-05
ENSG00000135045.7_6	0.00597122026224176	-0.713318274122781	0.000445912635494238
ENSG00000165801.10_6	0.00069603196281056	-0.712056167961711	3.59742894383973e-05
ENSG00000198753.12_7	0.00656896274889747	0.711907721505053	0.000500119915389838
ENSG00000075426.12_6	5.90058011520756e-08	0.71189552839261	1.05394197649388e-09
ENSG00000074416.14_11	0.000267574723315082	0.710963985187277	1.21347543636685e-05
ENSG00000006453.14_7	4.61774083081879e-06	0.710308543596662	1.24598276787991e-07
ENSG00000160685.13_2	0.000508579479821115	0.710038497284969	2.49333763568555e-05
ENSG00000196611.5_6	0.00357959053003924	-0.708646075500926	0.000243459274237269
ENSG00000080298.15_8	0.00736986717127564	-0.707660278860102	0.000578834259715087
ENSG00000146678.10_5	0.000113694885017902	0.70748902042416	4.63766822596459e-06
ENSG00000128335.14_7	0.000118723431965157	0.707303883698685	4.88038430107592e-06
ENSG00000139354.11_10	5.4397973993582e-05	-0.705851027029732	2.01218753561261e-06
ENSG00000163565.18_7	2.63056913312458e-06	-0.704232895935116	6.73137781721771e-08
ENSG00000156675.16_7	3.37281811329568e-05	0.703718452650887	1.15361146515054e-06
ENSG00000140443.15_8	2.71747554142435e-06	0.703486946958664	7.00539995794092e-08
ENSG00000165434.8_6	7.6210869449497e-05	0.702524844408199	2.91876555389513e-06
ENSG00000181619.11_6	0.00572468125043686	-0.702353256327801	0.000424238476248488
ENSG00000173621.9_6	0.00506441853358515	0.702034962016658	0.000365043595846206
ENSG00000085117.12_7	1.42580177583314e-06	-0.701882623980757	3.440780824629e-08
ENSG00000108828.16_7	5.00379001295018e-07	0.701796301565511	1.09026080849687e-08
ENSG00000126391.14_6	5.29885262103431e-05	0.701321977975924	1.94998313454581e-06
ENSG00000168389.18_5	0.00528246113358052	-0.701002388813667	0.00038444057781125
ENSG00000112972.15_9	6.15438215922635e-05	0.700602542031717	2.31549468113786e-06
ENSG00000145901.16_11	8.83969560913286e-07	0.700567076058922	2.04923270391603e-08
ENSG00000143149.12_5	1.27117129831064e-05	-0.700382998332759	3.88082446025923e-07
ENSG00000213390.11_9	0.000634830589804488	-0.700240717237571	3.25296394192951e-05
ENSG00000128052.10_7	0.00197150304694886	0.699407041040358	0.000121106595109057
ENSG00000196754.13_7	9.27536245767943e-06	0.696104838831041	2.74359910548283e-07
ENSG00000164078.13_7	2.36040146990899e-06	0.695860459544637	5.98024187967822e-08
ENSG00000150347.16_6	9.272532499896e-05	0.695238981654645	3.67659320049081e-06
ENSG00000152518.8_7	0.00915360288271884	0.694732025506071	0.000749078725897691
ENSG00000231881.2_8	0.0070308556328289	-0.693211567484555	0.000545528132139309
ENSG00000044090.10_5	1.47656230609291e-06	0.693152687507776	3.5726298513269e-08
ENSG00000176438.12_7	4.87391342568956e-05	-0.693010103394073	1.77401091612332e-06
ENSG00000064225.12_6	0.0023472737472448	-0.692693238080742	0.000148971896043786
ENSG00000131149.19_7	0.000400837075982696	0.692228261469102	1.90923157549397e-05
ENSG00000180730.5_5	0.000293637990567144	-0.692096365251394	1.35027350615497e-05
ENSG00000139278.10_7	2.26733083404267e-05	-0.691923910885481	7.38160659170212e-07
ENSG00000116016.14_7	5.63927844082749e-05	0.691199915984674	2.093119563165e-06
ENSG00000135269.18_6	6.90007122745027e-06	0.690462596990312	1.96233340583049e-07
ENSG00000167105.8_5	0.00200090748449599	0.690254180752119	0.000123440834171465
ENSG00000167880.8_7	1.75060485976465e-05	0.689885530715013	5.52192310718773e-07
ENSG00000183696.14_7	5.24442365868152e-05	0.688722492835966	1.92330966454054e-06
ENSG00000118193.12_6	1.11006692546274e-05	-0.687436584010546	3.35382520550879e-07
ENSG00000064932.16_6	5.38165587100511e-05	0.686238339202381	1.98727221484417e-06
ENSG00000110330.8_8	2.07001044555612e-06	0.686211170684105	5.19207079072856e-08
ENSG00000287080.2_4	1.61672359411283e-05	-0.685977194247777	5.06890156502312e-07
ENSG00000157483.9_7	1.98435850325856e-06	0.685854152805753	4.91439178346907e-08
ENSG00000166797.11_7	0.00821759347866271	-0.685230371389117	0.000657386658446352
ENSG00000102316.17_5	4.32230509296938e-07	0.684962177363802	9.22610093951534e-09
ENSG00000149218.5_5	3.75465727332684e-05	-0.683697514178522	1.3008598483087e-06
ENSG00000188312.14_5	0.00932264610672698	-0.683466378508069	0.000768226664862668
ENSG00000162341.18_5	0.00870664973253343	0.68286658827128	0.000703564809737554
ENSG00000143815.15_8	6.87310742425742e-07	-0.682579118914683	1.55415464305795e-08
ENSG00000181830.9_8	0.000615646172391404	0.68244365949834	3.11566564315133e-05
ENSG00000054793.14_8	8.80046378230051e-05	0.681820984441255	3.46711963047309e-06
ENSG00000096092.6_5	0.00877191399471605	-0.681395169785396	0.000711176204284048
ENSG00000138796.17_4	0.000246420195924644	-0.681190136382901	1.09412564823395e-05
ENSG00000105926.15_7	0.000368410478806857	-0.679503045301386	1.71977782417439e-05
ENSG00000174292.12_6	0.0071464484535991	0.678993386822424	0.000558118250778293
ENSG00000196576.15_7	7.45214789089924e-08	0.678496951808739	1.36883892092778e-09
ENSG00000162105.19_10	0.000857468330262472	0.677443661544788	4.63276213398713e-05
ENSG00000137309.20_5	2.49417993758997e-08	-0.676905768558936	4.1232642748352e-10
ENSG00000167977.9_6	0.000128720086333101	0.67680631842253	5.35654273630907e-06
ENSG00000169439.12_6	0.000229148695763116	0.676504637925411	1.01268086935541e-05
ENSG00000177427.13_7	0.000101016506057508	0.676306742882294	4.06292635840623e-06
ENSG00000179832.17_2	0.0019657951570811	0.67600999870474	0.000120278573710435
ENSG00000196935.9_6	1.45225629952725e-05	0.67505274565596	4.53485150536443e-07
ENSG00000151414.15_7	1.88992529808575e-05	0.674966376291864	6.03058215438935e-07
ENSG00000130702.15_6	0.000131961766177941	0.672969670328345	5.52487505976812e-06
ENSG00000169607.13_6	2.94413472744947e-05	-0.672444638042027	9.82745757135716e-07
ENSG00000114796.16_7	0.000559026356365453	0.672045230956552	2.77247046512636e-05
ENSG00000173281.5_6	0.00362751103207507	0.671884019789325	0.000247915150975995
ENSG00000179604.10_6	0.000210547117264197	0.670741897514738	9.16176016978107e-06
ENSG00000148180.20_7	1.18141946074008e-07	0.670548230213117	2.2224574350127e-09
ENSG00000164244.21_4	2.0272509057899e-05	0.670439693580715	6.5486316313203e-07
ENSG00000152990.14_7	1.83239022099743e-05	-0.670233935558591	5.81471687813346e-07
ENSG00000138678.11_5	1.82467542950785e-05	-0.66996249472559	5.77867820340717e-07
ENSG00000099282.10_6	0.000322266638032566	0.669753391436869	1.49212637700662e-05
ENSG00000100605.17_8	8.17351148611616e-05	0.667459963246744	3.17545539921696e-06
ENSG00000103642.12_6	0.000719485422006693	0.66721935422394	3.74599073276857e-05
ENSG00000257671.1_8	0.00358419771471641	0.666145544590494	0.000244273925831952
ENSG00000166033.13_6	6.10346874749274e-06	-0.666113744089063	1.7203215053422e-07
ENSG00000096696.14_6	8.59956768820189e-09	0.666077568279527	1.33449080542783e-10
ENSG00000067141.17_6	0.00424837416348022	-0.665916680084171	0.000297343137233699
ENSG00000118985.16_6	4.32568505967679e-05	0.665807232662248	1.53979921683453e-06
ENSG00000108883.13_6	5.38566873289976e-07	-0.665445415196417	1.18370094395504e-08
ENSG00000137193.14_6	0.00296177584819275	0.665120040486957	0.000195100511915408
ENSG00000128791.12_5	1.09561128483914e-05	-0.664949551831954	3.3032111197329e-07
ENSG00000160326.14_7	0.000623290960490599	0.663907411136256	3.17534291097418e-05
ENSG00000148082.10_7	0.000349700992537544	-0.663554648810255	1.6280100678686e-05
ENSG00000047634.15_7	0.000719850762646434	-0.663510804475828	3.75574796388989e-05
ENSG00000187240.16_8	2.02143231941013e-05	-0.662680688048259	6.51703224334784e-07
ENSG00000136802.12_4	1.93287774477553e-07	0.662467366074707	3.82204922889889e-09
ENSG00000166250.12_7	9.25389745569716e-05	-0.662419595293768	3.66334298822569e-06
ENSG00000143153.13_7	3.79271539215027e-06	0.660907871368656	9.99347354404935e-08
ENSG00000090013.11_7	0.000970440445605667	0.660737711197404	5.35377266355799e-05
ENSG00000137812.20_9	5.40107236147589e-06	-0.660539290065871	1.49839732349027e-07
ENSG00000100934.15_7	0.00017031473969992	0.66024330049352	7.26005952736549e-06
ENSG00000080986.13_7	0.000103554282826708	-0.659819510668017	4.18467395765389e-06
ENSG00000187764.11_7	0.000623290960490599	0.659785726119296	3.1766595990177e-05
ENSG00000143147.14_6	8.27774179989084e-05	-0.659167018523682	3.22972444181198e-06
ENSG00000176697.20_8	1.43828977119053e-05	0.659114324661884	4.46696797023308e-07
ENSG00000157456.8_6	4.79746484711968e-05	-0.657957501696874	1.72900778946738e-06
ENSG00000109790.16_5	5.7907911384617e-05	0.656957133207109	2.16769544136741e-06
ENSG00000186812.13_8	0.00256787466521408	0.656599094363181	0.000165412245662701
ENSG00000248527.1_6	0.000997889586074049	0.656387262800073	5.51784652041199e-05
ENSG00000145246.14_8	8.09973988326984e-05	-0.656309726645448	3.13975222229614e-06
ENSG00000137807.15_9	4.3237713583348e-05	-0.655850349814222	1.53503238205123e-06
ENSG00000111670.16_8	0.000173832165985636	0.655632543065715	7.44302914911893e-06
ENSG00000082512.15_3	0.000756467550771274	-0.65550313522852	3.99603456640007e-05
ENSG00000144815.16_6	0.000593722404232299	-0.655035918366635	2.98967134130148e-05
ENSG00000155760.2_2	5.08575773768509e-05	0.654611929016064	1.86113121912721e-06
ENSG00000146376.11_6	0.000180607846830422	-0.654526062743713	7.76746440320853e-06
ENSG00000177425.11_8	4.43966807109121e-06	0.654465581381876	1.1923101483042e-07
ENSG00000013619.14_9	0.000671666888066042	-0.6540127361468	3.45022704726096e-05
ENSG00000170312.16_6	2.86287587719543e-05	-0.653957597640414	9.51995082041803e-07
ENSG00000169926.11_6	0.00286762723365935	0.652693617697829	0.000187445610915661
ENSG00000125520.14_6	0.00316923791951218	0.652297793236053	0.000209971045338849
ENSG00000142627.13_6	1.63286645633482e-08	0.652019268286913	2.62698302450623e-10
ENSG00000140319.11_6	0.000266706893932167	0.65122912402551	1.20447184807218e-05
ENSG00000167106.12_6	0.000378575827877302	0.649894449198647	1.77919560175321e-05
ENSG00000165480.16_6	0.00334702883420977	-0.649363851340929	0.000223870182982361
ENSG00000136999.5_5	0.00455624942874946	0.649069327821431	0.000322931537292288
ENSG00000281649.2_7	9.39495894004184e-05	0.647726129696945	3.73703712588439e-06
ENSG00000130147.16_6	2.87132584198089e-06	0.647078062173234	7.4201985275412e-08
ENSG00000167110.18_7	8.82003808192052e-06	0.64693752647805	2.56981094355424e-07
ENSG00000165406.16_7	0.00621158890444233	0.646810559956818	0.000465829824098032
ENSG00000111229.16_8	6.22007893310663e-05	0.646719287510554	2.34415186546646e-06
ENSG00000183778.17_6	0.00109290153294822	0.646564544595425	6.11936252296822e-05
ENSG00000080503.24_8	1.25973592283184e-05	-0.646246839323607	3.82995466784447e-07
ENSG00000179119.15_6	0.000229148695763116	0.646085211224738	1.01308455562867e-05
ENSG00000121310.17_7	0.00445076694080352	0.644876468144462	0.000314045754500578
ENSG00000138759.19_6	7.54836068866036e-07	0.644230197232971	1.73553010513283e-08
ENSG00000109861.16_6	4.97118154231072e-06	-0.64394098695959	1.35394480820472e-07
ENSG00000112378.12_6	6.6590384864339e-06	0.64357547421986	1.88534976148718e-07
ENSG00000197119.13_7	0.00772808678961338	0.642815539337074	0.000609416522236424
ENSG00000167767.14_7	0.000234079792642349	0.64229637489701	1.03636796970485e-05
ENSG00000115758.13_10	4.80860349991116e-05	0.642190265349747	1.7360678964716e-06
ENSG00000185480.11_7	0.00270351353309981	-0.641979197839589	0.000175121793307703
ENSG00000213722.9_9	0.000117840067133345	0.641382000533899	4.82914387099532e-06
ENSG00000162430.17_9	0.000628879896237841	-0.64112600633991	3.21848844793625e-05
ENSG00000034510.6_5	1.78650863933432e-07	0.641124871950036	3.49652374939388e-09
ENSG00000153721.19_9	0.00179973562642159	0.641097006942707	0.000108408194877561
ENSG00000080845.17_8	0.000297959355385346	0.640542312786349	1.37203224832244e-05
ENSG00000100342.21_4	0.000671680307592798	0.63915057804725	3.45455035321353e-05
ENSG00000133103.17_5	0.00378091982641722	0.639030616478393	0.000259596978200929
ENSG00000183856.11_6	9.08108981843759e-05	-0.638895596694033	3.58918168653728e-06
ENSG00000234420.7_7	0.00732749732918677	-0.638873827323865	0.00057457826789544
ENSG00000134871.19_9	2.26188982021503e-07	-0.638532912972856	4.58452459126431e-09
ENSG00000198162.12_6	5.75270904781236e-05	-0.637857636420335	2.1425088168949e-06
ENSG00000135631.17_6	4.29107197802772e-06	0.637625057465523	1.14696755429928e-07
ENSG00000178202.13_7	5.24309698606843e-06	-0.637321218874913	1.44460804974649e-07
ENSG00000183010.17_9	0.00203472002904176	0.636878710346153	0.000126300077809787
ENSG00000165312.6_2	0.00278346594334665	0.635395040973481	0.000181062802369965
ENSG00000128059.8_6	0.000371187093391031	-0.634543898028506	1.73509041628187e-05
ENSG00000100196.11_5	0.000877361444171423	0.634247687250556	4.75342151267365e-05
ENSG00000102178.13_7	0.000375672563547692	0.633944300702915	1.76081642402643e-05
ENSG00000118596.12_7	0.000933187409376127	-0.633913344804712	5.11278888466145e-05
ENSG00000133321.11_6	0.00230248767502458	0.633659705198491	0.000145983668780061
ENSG00000101955.15_8	7.84921981776775e-05	-0.633653337709868	3.02275503496503e-06
ENSG00000106780.9_6	0.000124620459125981	0.633503351673691	5.15436786225399e-06
ENSG00000143228.13_7	7.21076427168089e-05	-0.633160713838247	2.74491343253117e-06
ENSG00000188167.9_7	0.000716024687122279	0.63299685803243	3.71929951413698e-05
ENSG00000076067.13_6	1.60048745289185e-05	0.632510586321324	5.00785914446777e-07
ENSG00000114302.16_7	3.1359024838541e-05	0.632098955382838	1.0606612150862e-06
ENSG00000116171.19_7	0.000129520864393774	0.631371604062916	5.4058526841789e-06
ENSG00000182871.16_7	0.000623290960490599	0.631348575096071	3.17804169745967e-05
ENSG00000070214.16_5	8.75784927790962e-05	-0.631263033621896	3.43923647853051e-06
ENSG00000008294.21_8	1.52069776290044e-07	0.630954655853228	2.94738735398743e-09
ENSG00000146232.17_9	0.00270351353309981	0.63035425721218	0.000175176991662092
ENSG00000102271.14_7	0.000411606714401143	-0.630050675451885	1.97095690453043e-05
ENSG00000085662.14_6	2.71747554142435e-06	0.629425179949774	6.98874827304769e-08
ENSG00000205413.8_7	4.1951155745964e-05	0.629347934974372	1.48003507413871e-06
ENSG00000141526.17_5	4.11468670230328e-05	0.62813570022436	1.44644737761485e-06
ENSG00000115963.13_5	0.000169306828447509	0.625901233111843	7.19564744668601e-06
ENSG00000214022.11_11	9.67093053409677e-05	0.625685553128199	3.85906146217442e-06
ENSG00000082269.16_6	0.00403400851667269	-0.624362052975048	0.000280040114914699
ENSG00000160285.15_6	9.88108266544989e-05	0.624147192950589	3.95902682853257e-06
ENSG00000184584.13_9	0.00367544611131705	0.624012769164256	0.000251423980252243
ENSG00000153395.10_6	4.87391342568956e-05	0.623446780636483	1.7750824802201e-06
ENSG00000271533.1_7	0.0063759196413473	-0.623269548657387	0.000481788201933578
ENSG00000001461.17_5	5.15708958446859e-06	0.623098432225343	1.41111141404258e-07
ENSG00000186866.16_5	8.57895750527539e-05	0.622627976447072	3.35811739185469e-06
ENSG00000011201.12_7	3.24976468204901e-05	-0.622254128527925	1.10534813419073e-06
ENSG00000148120.16_5	0.000250246719407748	0.622071592144393	1.1158708542124e-05
ENSG00000197608.11_6	0.000216362979108512	0.621505867599792	9.51076181285199e-06
ENSG00000136153.20_11	3.27693812464401e-06	0.620569064533834	8.53066613395419e-08
ENSG00000151474.23_9	0.00253253027921153	-0.62036030465941	0.000162493867040872
ENSG00000146540.15_8	0.00854901480895168	0.619282426581748	0.000688231430338078
ENSG00000165516.11_5	0.0011043517316752	0.618791591680579	6.20445899414686e-05
ENSG00000135318.12_6	3.31080107613742e-06	-0.618522703960765	8.63978998840016e-08
ENSG00000108669.16_10	0.000595381201235002	0.617831483096422	3.00179526338398e-05
ENSG00000091527.16_5	2.54362658448189e-05	-0.617147627798613	8.36168100675262e-07
ENSG00000196922.10_7	0.0055987528606757	0.616998823059839	0.000411005482994878
ENSG00000105429.13_6	0.00458039719019433	0.616512401161134	0.000324933167786778
ENSG00000198408.14_7	2.57324767907836e-06	0.615389498820297	6.56839887679617e-08
ENSG00000048392.12_5	0.00661587299373301	-0.615056258305469	0.000504110413697796
ENSG00000159069.14_8	0.00200090748449599	0.614956141453606	0.000123228837035702
ENSG00000204386.11_7	1.16156859529047e-05	0.614717087054033	3.52414084839205e-07
ENSG00000163808.17_7	0.00025516167408596	-0.614181256269314	1.1434312260895e-05
ENSG00000147852.16_5	0.000344181638108948	0.613171538785618	1.6001350542942e-05
ENSG00000138160.6_5	2.97130375171537e-05	-0.613137029630086	9.93696719600782e-07
ENSG00000116815.16_8	0.00109002959364065	-0.611429478651398	6.09637782610015e-05
ENSG00000136104.21_7	0.00592829591016339	-0.611420666139752	0.000441580693587037
ENSG00000196730.13_6	0.00821720097918091	0.611213363257903	0.000656834788176229
ENSG00000163235.16_9	7.24106855035517e-05	0.610050759396916	2.76103576597024e-06
ENSG00000010404.18_7	0.004185512171607	0.610012090309796	0.000292413220501806
ENSG00000122966.16_9	0.000264984174961851	-0.609786459973862	1.19501350755535e-05
ENSG00000087074.8_6	3.89238592729371e-05	0.608001163772127	1.35104350656002e-06
ENSG00000145386.11_6	2.19567396582552e-05	-0.607649641439999	7.12050336016382e-07
ENSG00000017797.13_6	4.87732515931578e-05	0.607470786064197	1.7794142967861e-06
ENSG00000072210.19_8	0.000171132584710425	0.606941188027164	7.30576147040958e-06
ENSG00000162783.11_5	1.05209580313401e-05	0.606823277691025	3.15868641174006e-07
ENSG00000107798.18_7	1.81684558143026e-05	0.606715447193068	5.74237360738346e-07
ENSG00000154122.14_8	0.000488950173245501	-0.605223084919445	2.3877665541695e-05
ENSG00000164985.15_6	0.00319684091607262	-0.60457302398254	0.000212007504072188
ENSG00000048028.11_7	0.00226545866853497	-0.604528300775725	0.00014263148698529
ENSG00000107331.17_8	0.000625315310836839	0.604403656463806	3.19628487360862e-05
ENSG00000123159.16_7	0.000210547117264197	0.602643317678268	9.15025060361396e-06
ENSG00000138772.13_7	3.91693571898133e-05	0.602620723343005	1.36669798812238e-06
ENSG00000157933.10_5	0.00194859817386733	0.602442177203125	0.000118732673122648
ENSG00000010818.10_7	3.48614878371325e-05	0.60227572301028	1.19899847324315e-06
ENSG00000108639.7_7	5.53336062728385e-06	0.602006043643143	1.54210709146497e-07
ENSG00000148773.14_7	4.01996328799344e-06	-0.601969087031006	1.06686383181483e-07
ENSG00000153292.16_8	0.000445404005625491	0.601414027745283	2.15536268240357e-05
ENSG00000198856.13_5	0.002015376509105	-0.601357937142493	0.000124844073087452
ENSG00000173153.16_7	0.00955254328561151	0.600702756790701	0.000789591397752915
ENSG00000187098.16_10	0.00562354142319355	0.599062377421107	0.000413181406821923
ENSG00000030582.18_6	4.59069890837341e-05	0.598846552456115	1.64285842616606e-06
ENSG00000186815.13_7	0.000971319764209565	0.598742504709607	5.36477599690107e-05
ENSG00000010292.13_6	2.81977915558603e-05	-0.59846369826978	9.35878057719205e-07
ENSG00000183722.9_9	0.00673600712334173	-0.59839376647728	0.000516677516238082
ENSG00000120686.12_5	0.00300048173577819	0.596566173145099	0.000198030274175378
ENSG00000274997.2_5	0.00036549450608486	-0.596303378541931	1.7038507504336e-05
ENSG00000187837.4_5	1.88992529808575e-05	-0.595709352367824	6.03534560216227e-07
ENSG00000119801.13_5	0.00289012827907944	0.595106261374365	0.000189282533605785
ENSG00000171467.16_9	0.000479441064249221	-0.594625277942544	2.33525575378548e-05
ENSG00000130311.11_5	0.00200331054296692	0.594452571008735	0.00012371597285234
ENSG00000154133.15_6	0.00559779011864569	-0.594131571981505	0.000410580248124633
ENSG00000165609.13_7	0.00014814569825461	-0.593322711984888	6.22121851677263e-06
ENSG00000134070.5_6	0.00564414729704286	0.592629270240045	0.000415943013958666
ENSG00000103353.16_7	0.00314938552833792	0.592432612018452	0.000208456288137391
ENSG00000112297.18_10	1.34645445530984e-05	0.592382899567001	4.1447736589852e-07
ENSG00000065054.14_7	0.000877361444171423	0.591755151501268	4.76272500544789e-05
ENSG00000225190.11_7	0.00406071650784614	0.590946794578808	0.000282408584090136
ENSG00000149485.19_7	6.7596429094689e-06	-0.59072705074293	1.91811503891694e-07
ENSG00000033627.17_6	9.06672963119231e-05	0.590627819538007	3.57776321271397e-06
ENSG00000102554.14_6	0.00692884607857068	0.590321026387529	0.000535418812760086
ENSG00000127526.15_7	5.77542971617587e-05	0.589941542611314	2.15828701073205e-06
ENSG00000185803.12_8	0.000210927150457433	0.589733914981897	9.19165692391146e-06
ENSG00000000460.17_8	0.000267574723315082	-0.589574353075061	1.21345814803694e-05
ENSG00000117226.12_7	0.000625315310836839	0.58950150874408	3.19371613734609e-05
ENSG00000109787.13_5	0.000703162807145989	0.588172398095592	3.64764592761949e-05
ENSG00000103995.14_9	0.000317849830348705	-0.587959536733396	1.46966288418137e-05
ENSG00000072954.7_6	0.00760131066220458	0.587503503164314	0.000598488661755034
ENSG00000153071.15_8	0.00792255203850999	0.587336425372387	0.000627384859035033
ENSG00000177409.12_7	0.0010330880242397	0.586771922760326	5.74519435826234e-05
ENSG00000153558.16_7	0.00228790509324218	0.58674245487928	0.000144818984892192
ENSG00000089057.15_8	0.000511698230706096	-0.586648051223659	2.51506097686807e-05
ENSG00000105339.10_7	0.0015252288089808	0.586426754194002	8.97477554815784e-05
ENSG00000134369.15_6	0.00195171547752795	-0.58636585521672	0.000119046237956639
ENSG00000182504.11_6	0.000278577677783013	-0.58606010834813	1.27219727439544e-05
ENSG00000179029.15_9	0.00340014557768752	-0.585374734934186	0.000227853687686432
ENSG00000064601.19_6	9.90417794002775e-06	0.585312371235869	2.94841881923806e-07
ENSG00000112473.18_7	5.38323832764608e-06	0.584105368831764	1.49003999821468e-07
ENSG00000151327.12_7	0.00501734829172606	0.584017193099698	0.000360697384792823
ENSG00000186174.12_8	0.000333000662591331	0.58365568895331	1.5439351723895e-05
ENSG00000186591.13_8	0.000202655337430635	0.582794074494667	8.77984867003766e-06
ENSG00000107984.10_5	0.00077418083013547	0.582561342046126	4.10921925293592e-05
ENSG00000204524.7_5	0.00291391851518532	0.582383528741755	0.00019139431848538
ENSG00000092964.18_8	5.56141618604223e-06	0.582155492280905	1.55344852929099e-07
ENSG00000136068.15_7	3.68780496039228e-07	0.581928179572415	7.73159008037652e-09
ENSG00000003989.18_8	0.00355418120681841	-0.581632478428183	0.000240652375860709
ENSG00000144824.21_9	0.000286813511554771	0.581483098843734	1.31525831242497e-05
ENSG00000139618.16_6	7.89312756169385e-05	-0.580669693889794	3.04966291653993e-06
ENSG00000152952.12_8	4.81985482066673e-05	0.580656956446893	1.74623572170089e-06
ENSG00000168461.13_6	0.00180579560340541	0.58030243458666	0.000108887599090572
